image_width: 1536
image_height: 2048
camera_name: 0
camera_matrix:
  rows: 3
  cols: 3
  data: [1631.64793680166, 0, 757.4105055734077, 0, 1881.404120865943, 1035.402622427332, 0, 0, 1]
distortion_model: plumb_bob
distortion_coefficients:
  rows: 1
  cols: 5
  data: [-0.3593071968101272, 0.2205162925867368, -0.06883262708052547, 0.01713782703239363, 0]
rectification_matrix:
  rows: 3
  cols: 3
  data: [1, 0, 0, 0, 1, 0, 0, 0, 1]
projection_matrix:
  rows: 3
  cols: 4
  data: [1225.615844726562, 0, 803.4079818409737, 0, 0, 1476.141235351562, 815.3730721285974, 0, 0, 0, 1, 0]