image_width: 644
image_height: 482
camera_name: 0
camera_matrix:
  rows: 3
  cols: 3
  data: [415.0560761938556, 0, 325.4357863837328, 0, 415.9313640439323, 252.5230900035206, 0, 0, 1]
distortion_model: plumb_bob
distortion_coefficients:
  rows: 1
  cols: 5
  data: [-0.3092443809445032, 0.08012211856166897, 0.0008483210105984893, -0.000235935043674991, 0]
rectification_matrix:
  rows: 3
  cols: 3
  data: [1, 0, 0, 0, 1, 0, 0, 0, 1]
projection_matrix:
  rows: 3
  cols: 4
  data: [318.6517028808594, 0, 326.5899540082137, 0, 0, 365.1323547363281, 256.1176033796146, 0, 0, 0, 1, 0]