image_width: 1288
image_height: 964
camera_name: 0
camera_matrix:
  rows: 3
  cols: 3
  data: [990.6089386924126, 0, 649.8683709187349, 0, 992.4546641961812, 493.67582459076, 0, 0, 1]
distortion_model: plumb_bob
distortion_coefficients:
  rows: 1
  cols: 5
  data: [-0.331452753057412, 0.105959239301334, -0.0003981374517582984, -0.0002246535214772431, 0]
rectification_matrix:
  rows: 3
  cols: 3
  data: [1, 0, 0, 0, 1, 0, 0, 0, 1]
projection_matrix:
  rows: 3
  cols: 4
  data: [750.8660888671875, 0, 649.9358496050627, 0, 0, 752.6596069335938, 493.7196827857406, 0, 0, 0, 1, 0]