image_width: 644
image_height: 482
camera_name: 0
camera_matrix:
  rows: 3
  cols: 3
  data: [481.863719507377, 0, 324.4652804888478, 0, 483.2756765286194, 249.0091900483719, 0, 0, 1]
distortion_model: plumb_bob
distortion_coefficients:
  rows: 1
  cols: 5
  data: [-0.3193673366493395, 0.1009732204581777, 0.001340633437701665, -0.00111587125075646, 0]
rectification_matrix:
  rows: 3
  cols: 3
  data: [1, 0, 0, 0, 1, 0, 0, 0, 1]
projection_matrix:
  rows: 3
  cols: 4
  data: [364.3395385742188, 0, 322.5542600100198, 0, 0, 366.9310302734375, 251.0455022429742, 0, 0, 0, 1, 0]