image_width: 1024
image_height: 768
camera_name: 0
camera_matrix:
  rows: 3
  cols: 3
  data: [578.7081591727842, 0, 506.3830195000974, 0, 575.5020697357721, 364.57035664501, 0, 0, 1]
distortion_model: plumb_bob
distortion_coefficients:
  rows: 1
  cols: 5
  data: [-0.2595459593463686, 0.04624504977788417, -0.0007908549563772796, -0.000923039841816549, 0]
rectification_matrix:
  rows: 3
  cols: 3
  data: [1, 0, 0, 0, 1, 0, 0, 0, 1]
projection_matrix:
  rows: 3
  cols: 4
  data: [367.672607421875, 0, 501.339701655088, 0, 0, 366.1816711425781, 363.3378575646966, 0, 0, 0, 1, 0]