image_width: 768
image_height: 1024
camera_name: 0
camera_matrix:
  rows: 3
  cols: 3
  data: [1145.953000785388, 0, 411.1893737660826, 0, 1385.249633866688, 494.4492909205217, 0, 0, 1]
distortion_model: plumb_bob
distortion_coefficients:
  rows: 1
  cols: 5
  data: [-0.7810106770746291, 0.7750640784868206, 0.01639797415212634, 0.04021032166044865, 0]
rectification_matrix:
  rows: 3
  cols: 3
  data: [1, 0, 0, 0, 1, 0, 0, 0, 1]
projection_matrix:
  rows: 3
  cols: 4
  data: [891.9146728515625, 0, 452.3867798170249, 0, 0, 1056.384643554688, 516.49372241112, 0, 0, 0, 1, 0]