image_width: 1024
image_height: 768
camera_name: 0
camera_matrix:
  rows: 3
  cols: 3
  data: [548.1926398181915, 0, 534.6318406634708, 0, 550.4668011801863, 355.5667114827372, 0, 0, 1]
distortion_model: plumb_bob
distortion_coefficients:
  rows: 1
  cols: 5
  data: [-0.2820293339025252, 0.05913944685812261, 0.001922565322336191, -0.002005233055292746, 0]
rectification_matrix:
  rows: 3
  cols: 3
  data: [1, 0, 0, 0, 1, 0, 0, 0, 1]
projection_matrix:
  rows: 3
  cols: 4
  data: [361.518798828125, 0, 516.635171385773, 0, 0, 365.2528686523438, 357.9724409839728, 0, 0, 0, 1, 0]
