image_width: 644
image_height: 482
camera_name: 0
camera_matrix:
  rows: 3
  cols: 3
  data: [496.3553680699978, 0, 323.629126642262, 0, 496.0962325846295, 248.2890743791665, 0, 0, 1]
distortion_model: plumb_bob
distortion_coefficients:
  rows: 1
  cols: 5
  data: [-0.3273516291023583, 0.1049876747308353, -0.0005187203193191323, 0.0004408675091730876, 0]
rectification_matrix:
  rows: 3
  cols: 3
  data: [1, 0, 0, 0, 1, 0, 0, 0, 1]
projection_matrix:
  rows: 3
  cols: 4
  data: [378.2027282714844, 0, 324.2134228126997, 0, 0, 377.8098754882812, 248.1138085971143, 0, 0, 0, 1, 0]